> d
 [1]  0.8351494  4.2535504  3.6731760  2.0916403  2.5707096  8.0312433
 [7]  1.6348296  2.2414878  2.5438860  0.0686928  1.3726713  2.3016592
[13]  2.6641622  3.6109481  1.0497102  1.9927286  4.0393636  2.8649893
[19]  2.1571847  2.0654884  4.1219552  0.9680234  4.3025515  4.9327573
[25]  2.0722631  3.9924004  0.8612744  3.0950400  4.2632437  0.4288006
[31]  0.8238513  1.2928117  0.5207574 14.9507064  4.3274302  4.3589166
[37]  4.9391366  0.9573723  2.1177584  3.1538333  2.2387149  0.1177481
[43]  1.7216614  3.8635757  3.1948894  1.9699822 11.4523386  7.4798754
[49]  8.5166836  0.6846822  0.9903405  3.3590226  0.2467679  0.8901258
[55]  1.3723514  0.4059234  5.4502538  1.9354013  0.8179208  1.6077588
[61]  1.4688267